Técnico;1.01;CEP;1.02;1.03;2.01;2.02;2.03;2.04;2.05;2.06;2.07;2.08;3.01;3.02;4.01;4.021;4.022;4.03;4.04;4.05
T010;4404;08430-026;6;64;6;4;2;-;4;6;2;-;2;1;1;7;1992;4;1;1
T011;866;04854-280;1;62;6;1;2;-;10;5;3;-;6;1;2;4;1970;5;2;3
T074;2210;04470-315;1;53;3;2;1;5;6;5;2;-;4;2;2;6;1974;5;1;3
T127;4894;08161-005;6;63;1;4;1;3;8;4;3;-;10;1;2;4;1950;4;1;3
T124;3656;04847-005;1;61;6;2;1;4;9;3;3;-;4;2;2;5;1985;2;1;3
T050;4609;08081-383;6;11;1;1;2;-;1;4;3;-;2;1;1;11;1952;3;1;3
T196;1631;08081-385;5;53;1;4;2;-;3;3;3;-;2;1;1;9;1952;4;1;3
T059;2131;08021-457;1;13;3;4;2;-;3;1;2;-;6;1;1;8;1957;1;1;1
T128;1376;04429-005;5;62;4;2;2;-;7;2;3;-;10;1;1;1;1980;5;1;2
T014;667;04854-270;5;15;6;4;2;-;8;1;1;3;2;2;1;2;1961;1;1;1
T178;2099;04845-205;5;63;6;0;1;4;6;3;2;-;2;2;1;12;1971;3;1;2
T105;2953;04854-260;6;63;3;1;1;5;6;5;1;3;3;1;2;3;1976;3;2;2
T134;2218;02812-275;6;15;3;0;1;6;5;4;3;-;10;2;2;5;1965;4;2;2
T090;2984;04866-190;1;11;6;1;2;-;10;5;1;2;4;2;2;10;1955;4;1;2
T087;982;04866-200;6;15;3;4;1;6;2;5;2;-;12;2;2;3;1975;5;1;3
T108;4191;02365-016;5;62;2;3;2;-;2;3;3;-;3;1;1;7;1998;4;1;1
T124;5017;02282-055;5;64;6;0;2;-;6;2;1;1;3;1;2;4;1997;4;1;3
T130;3141;02993-005;6;15;6;4;2;-;9;1;1;3;3;1;2;10;1975;5;2;2
T027;4252;04429-003;6;14;1;1;2;-;7;2;1;3;2;2;1;7;1974;5;2;3
T151;624;05796-165;1;51;1;4;1;5;3;7;3;-;10;1;1;1;1971;5;1;3
T166;3293;04843-555;1;12;6;1;2;-;6;7;3;-;12;2;2;12;1998;5;1;1
T166;4923;08430-880;6;12;4;1;2;-;7;1;2;-;2;2;1;11;1997;2;1;1
T041;5255;08430-875;1;65;3;3;1;4;6;7;3;-;10;1;2;3;1995;4;2;3
T045;4204;08430-873;1;11;6;1;2;-;1;5;2;-;10;2;2;1;1972;3;2;1
T190;2637;08430-870;6;51;4;4;1;5;6;7;3;-;4;2;2;9;1956;2;2;2
T027;1842;08430-863;5;65;3;1;2;-;1;1;2;-;3;2;2;8;1994;1;2;2
T008;3391;08430-855;6;11;3;3;1;4;10;7;1;3;4;1;2;3;1989;3;1;1
T142;975;08430-853;6;64;3;2;1;1;5;3;3;-;3;2;1;1;1981;1;1;3
T032;987;08430-850;5;53;2;3;2;-;6;4;2;-;12;2;1;8;1994;3;1;3
T053;4777;03906-150;6;51;5;2;1;6;1;6;2;-;2;1;2;1;1986;1;1;3
T051;772;03906-140;5;12;1;0;2;-;5;2;3;-;3;2;1;8;1999;5;2;1
T025;3568;03906-130;6;61;5;4;2;-;2;6;3;-;4;2;2;11;1983;4;1;1
T174;2946;03906-120;5;61;3;4;2;-;3;1;2;-;6;2;2;9;1991;5;2;3
T066;4021;08430-885;1;53;3;1;1;6;9;1;3;-;3;2;1;8;1957;1;1;1
T157;4382;02866-165;1;52;3;0;2;-;4;4;3;-;2;2;2;5;1994;4;2;2
T144;3627;04894-270;1;51;6;1;1;1;8;7;1;2;3;2;1;11;1990;4;2;2
T013;3808;04894-280;6;51;4;3;1;2;9;6;2;-;10;2;2;8;1980;3;2;3
T102;4876;04894-290;5;51;6;0;2;-;7;6;3;-;2;2;1;6;1984;5;2;2
T178;1985;04894-300;1;63;1;4;2;-;5;1;3;-;4;2;1;9;1976;4;2;2
T064;5356;04894-310;1;61;5;4;2;-;10;4;3;-;6;1;2;7;1950;5;1;1
T127;2621;03906-110;1;64;3;4;1;4;5;4;3;-;6;2;1;3;1962;4;2;2
T090;2757;04894-330;5;15;4;0;1;2;3;5;3;-;10;2;2;7;1963;3;2;1
T186;774;03906-100;5;12;5;3;2;-;9;6;3;-;10;1;2;6;1993;3;2;1
T061;4291;05792-065;1;63;5;1;2;-;7;2;2;-;12;1;2;4;1956;2;1;3
T161;903;05269-065;6;62;3;4;2;-;7;4;2;-;6;1;1;4;1976;4;2;2
T024;123;03924-105;5;53;2;3;1;4;2;7;1;1;3;2;1;10;1987;4;1;3
T008;1092;02982-195;1;65;3;3;1;2;2;3;2;-;12;1;2;11;1985;2;2;3
T001;1465;03812-035;5;61;2;0;2;-;7;3;3;-;6;2;1;4;1958;4;1;2
T134;701;08430-890;6;11;5;3;2;-;8;4;3;-;12;1;1;1;1980;4;1;1
T135;2657;04894-320;6;11;2;0;2;-;2;3;3;-;1;1;1;5;1969;2;1;2
T030;3901;04893-170;1;15;3;4;1;6;4;7;1;3;2;1;2;2;1968;2;1;1
T175;189;04847-220;1;15;1;3;2;-;4;6;1;3;12;2;1;10;1972;4;2;1
T132;1118;04856-070;5;11;1;3;1;2;9;7;2;-;2;2;2;10;1973;1;2;1
T085;2685;08090-650;6;52;5;3;2;-;1;2;1;3;2;2;2;1;1998;5;2;3
T027;1239;04898-100;1;51;4;2;1;1;7;3;3;-;3;1;2;10;1977;5;2;3
T042;5523;04898-110;5;63;4;3;1;3;4;5;2;-;10;1;2;7;1952;1;2;3
T140;4926;04898-120;5;51;4;1;2;-;7;3;2;-;12;2;1;3;1977;4;1;2
T121;4910;04898-130;5;12;6;0;2;-;5;6;2;-;12;1;1;3;1989;4;1;1
T180;1824;04898-140;1;11;3;0;2;-;2;5;1;3;1;2;2;2;1993;3;1;3
T133;4318;03982-065;6;52;2;4;1;5;6;5;2;-;10;2;1;2;1999;1;2;3
T167;795;03129-055;5;65;4;4;1;6;3;2;3;-;10;2;1;2;1997;3;2;1
T092;1291;04893-110;5;61;3;0;1;1;3;2;3;-;4;1;1;8;1951;5;1;3
T021;2134;04893-190;5;15;5;0;2;-;10;5;3;-;12;2;2;10;1967;2;2;1
T009;785;04893-140;1;13;6;2;1;4;4;7;1;1;4;2;1;8;1992;2;1;3
T105;1214;08430-883;6;13;1;0;1;4;8;2;3;-;3;2;2;4;1976;5;2;2
T119;4962;04865-200;1;15;1;0;1;2;3;5;3;-;12;1;1;8;1990;2;1;2
T188;895;02813-015;1;52;4;2;2;-;1;1;2;-;6;1;2;8;1965;2;2;1
T058;4195;02311-060;1;51;5;1;2;-;6;4;3;-;10;1;2;3;1953;5;1;1
T057;1828;02997-005;1;61;4;4;1;3;9;4;1;2;3;2;2;8;1976;5;2;1
T018;4578;08460-590;1;11;6;3;1;2;10;5;1;3;12;2;1;3;1986;1;1;1
T005;2930;03557-025;6;13;6;3;2;-;10;7;3;-;1;2;2;1;1993;4;1;1
T126;3704;04893-150;1;62;3;2;1;3;8;1;1;2;12;1;2;10;1976;2;2;1
T077;2017;04866-220;1;12;2;4;1;5;10;4;3;-;2;1;2;5;1989;2;1;2
T156;3478;04893-160;5;11;4;4;2;-;5;2;3;-;10;2;2;12;1986;1;1;1
T148;3318;03728-205;5;63;1;4;2;-;9;5;1;3;12;2;2;10;1998;2;2;2
T048;3830;04922-100;6;61;5;0;2;-;7;3;3;-;4;2;2;9;1998;3;1;3
T053;3241;03637-035;1;63;3;2;2;-;9;6;1;1;4;1;1;11;1951;1;1;2
T171;3944;08070-165;5;52;6;2;1;4;2;4;2;-;3;1;2;2;1960;1;2;3
T096;2021;04893-130;5;61;1;0;1;2;10;5;3;-;2;1;1;1;1980;2;2;2
T071;917;04845-085;6;63;4;3;1;4;2;5;1;3;2;2;2;11;1969;4;1;2
T149;2225;04866-210;1;13;4;4;2;-;3;1;1;3;2;1;1;10;1956;2;2;2
T135;4664;04852-740;5;62;1;1;2;-;5;2;1;3;1;2;1;10;1999;2;1;3
T130;2301;02635-174;5;15;6;0;1;3;3;5;2;-;10;2;1;6;1963;3;1;2
T177;3062;08080-363;5;65;1;0;2;-;10;1;2;-;12;2;1;8;1979;5;2;3
T121;2513;03637-110;5;61;6;2;1;1;5;7;2;-;12;2;1;3;1990;4;1;3
T023;4446;04855-570;5;63;4;4;1;2;8;3;1;2;6;1;1;12;1996;4;2;2
T023;1186;04855-550;6;62;2;2;1;2;4;5;2;-;4;1;1;2;1972;4;1;1
T059;961;04855-540;6;52;4;0;2;-;6;7;2;-;10;1;1;11;1970;1;1;2
T175;964;04855-535;5;63;1;4;1;6;5;5;2;-;3;1;2;5;1975;4;1;1
T181;2006;02837-185;5;14;3;4;2;-;5;4;1;2;4;2;2;10;1959;3;2;2
T052;1710;04777-030;6;51;6;4;1;5;7;1;3;-;6;2;2;10;1959;4;1;1
T175;830;08295-003;6;11;6;4;1;2;1;3;3;-;10;2;2;4;1974;4;1;2
T139;3096;04843-445;5;53;5;2;2;-;10;1;3;-;6;2;1;4;1952;4;2;2
T038;509;04843-435;1;13;2;3;2;-;2;7;3;-;1;1;2;11;1961;3;1;1
T135;3102;04843-425;6;63;5;3;1;4;7;7;3;-;12;2;1;11;1997;5;2;1
T076;5231;04856-690;6;53;4;2;2;-;6;3;3;-;3;2;1;10;1955;2;1;2
T014;3143;04852-026;5;62;2;0;2;-;10;2;2;-;4;2;2;11;1981;4;2;3
T002;1313;04847-200;5;65;2;3;1;5;7;2;2;-;6;2;2;1;1962;2;2;3
T072;1083;02635-172;5;63;1;4;2;-;4;1;2;-;6;1;1;7;1999;1;1;3
T151;801;05749-345;6;63;1;4;2;-;8;1;1;1;4;1;1;3;1984;3;1;1
T194;3817;02075-033;6;62;3;2;2;-;1;2;3;-;6;2;2;6;1981;1;1;2
T053;2879;04852-036;6;51;4;1;1;1;5;6;3;-;6;2;2;7;1967;2;2;1
T079;4742;04852-760;6;65;6;2;2;-;10;1;2;-;1;1;1;8;1954;2;1;1
T023;4429;04852-034;6;65;2;0;1;4;2;1;2;-;3;1;1;11;1971;5;1;1
T028;4270;04852-750;1;62;1;2;1;6;10;3;2;-;6;1;1;8;1962;5;2;1
T009;3938;05428-075;1;63;3;3;2;-;4;4;2;-;2;2;1;3;1956;1;1;3
T177;2762;04853-200;5;65;5;0;2;-;9;3;2;-;4;1;1;11;1999;5;2;3
T057;5164;04852-710;6;52;5;2;2;-;2;3;3;-;1;1;1;1;1976;3;1;1
T135;3086;04852-720;1;52;4;4;1;5;6;3;2;-;2;1;1;11;1994;4;1;1
T148;3642;04852-730;6;51;3;2;1;4;9;7;3;-;6;1;1;10;1958;1;2;1
T112;3057;04856-700;6;11;4;0;1;4;6;7;3;-;10;2;1;1;1983;1;2;3
T064;4870;04852-035;5;65;3;1;1;4;5;1;1;3;10;2;1;5;1995;4;2;1
T109;5165;04194-450;5;12;6;4;1;2;6;4;2;-;3;2;2;12;1983;2;1;2
T052;5532;04893-120;6;64;4;0;2;-;3;7;3;-;12;2;1;11;1957;2;1;3
T044;1347;03517-035;1;52;2;4;1;2;5;1;2;-;2;1;2;11;1961;1;1;1
T082;1690;04823-355;5;51;2;2;1;2;10;2;3;-;12;2;2;1;1974;2;1;2
T036;2967;05813-095;6;51;6;3;1;6;3;5;2;-;6;1;2;10;1963;2;2;2
T176;2062;08450-255;6;53;3;2;1;4;3;3;1;3;2;2;1;12;1956;4;2;1
T034;5015;02271-045;1;52;5;2;2;-;10;5;3;-;1;2;1;9;1985;4;1;3
T026;1293;03926-015;5;65;4;4;1;5;8;1;1;1;10;1;1;2;1982;2;2;1
T073;4891;05634-025;6;61;2;3;2;-;3;6;2;-;1;1;2;2;1982;4;2;3
T121;868;03337-055;6;62;4;3;1;6;9;7;2;-;2;1;2;3;1985;1;1;3
T138;2340;03333-005;6;63;6;1;2;-;10;4;1;2;1;1;2;9;1996;3;2;3
T034;1552;04194-500;6;14;1;2;1;6;4;1;2;-;10;2;1;1;1973;5;2;1
T096;2645;04194-490;6;63;6;1;2;-;3;4;3;-;6;2;2;8;1967;2;2;2
T091;1569;04194-480;1;52;2;3;2;-;10;5;1;2;10;1;2;4;1996;5;2;1
T162;1211;04856-680;1;51;5;1;2;-;3;7;1;2;6;1;2;9;1954;5;1;1
T128;4175;04194-360;1;64;6;4;1;4;3;4;1;3;1;2;1;8;1968;5;1;3
T168;258;04856-710;1;13;4;0;2;-;2;7;3;-;10;2;2;5;1998;1;1;3
T011;1146;04856-630;5;12;4;4;2;-;4;4;3;-;6;2;2;8;1976;3;2;2
T029;870;04856-720;6;12;2;3;2;-;7;7;3;-;6;1;1;12;1956;5;1;3
T009;2112;04856-670;1;53;2;2;1;6;6;4;1;2;2;1;2;11;1956;4;1;1
T041;1740;04856-650;6;13;4;3;1;2;3;5;3;-;12;1;1;10;1983;5;2;3
T114;1973;04194-470;1;65;5;1;1;4;3;1;1;3;12;1;1;4;1992;2;2;2
T080;450;04856-620;1;52;3;0;2;-;2;1;2;-;3;1;2;6;1963;5;2;1
T045;1430;04194-460;5;15;3;1;2;-;9;1;3;-;6;2;2;7;1997;2;2;3
T026;185;04194-400;1;12;4;1;1;4;10;6;1;2;2;1;1;1;1981;5;1;2
T148;4709;04194-410;1;13;3;3;1;6;2;7;3;-;12;1;2;5;1994;1;2;2
T181;92;04194-420;6;13;6;2;2;-;10;2;3;-;4;2;2;5;1984;5;2;1
T075;1330;04194-430;5;61;6;3;1;4;6;7;2;-;12;1;1;6;1961;2;1;2
T173;3727;04194-440;1;52;1;2;1;4;3;4;3;-;6;1;2;5;1966;3;2;1
T149;4088;02635-175;1;51;5;2;2;-;4;2;3;-;4;1;1;12;1951;3;2;3
T079;5481;04856-640;5;11;4;1;1;2;9;6;2;-;10;2;2;3;1980;1;1;3
T037;1667;02807-130;5;12;3;0;1;4;5;3;2;-;2;2;2;12;1996;4;1;2
T164;2522;02635-173;1;61;2;1;2;-;2;5;2;-;4;2;1;7;1961;2;1;2
T007;4640;08180-660;1;52;4;2;2;-;7;5;1;2;1;1;1;12;1996;1;1;3
T075;120;08180-670;5;52;2;3;1;2;2;7;1;1;4;2;2;7;1978;3;2;1
T132;3103;08180-680;6;65;1;4;1;4;6;5;3;-;2;1;2;4;1984;5;2;1
T060;1042;08180-690;1;15;5;2;2;-;3;5;3;-;6;2;2;7;1955;3;1;3
T062;4998;08180-700;1;15;6;2;1;6;5;7;2;-;10;1;2;4;1996;3;2;1
T147;1669;08180-710;1;63;2;2;1;2;6;4;1;1;1;2;2;8;1985;4;2;1
T026;2997;08180-720;1;51;1;2;2;-;10;5;2;-;2;2;2;12;1960;3;1;2
T021;4784;08180-730;6;11;2;3;1;4;10;7;2;-;12;1;2;6;1973;5;2;3
T020;5332;08180-740;6;64;3;2;1;6;1;1;1;2;1;1;2;6;1972;4;2;1
T015;2172;08180-750;6;14;4;4;1;6;7;1;2;-;3;1;1;10;1986;5;2;3
T041;1763;08180-760;5;53;2;0;1;6;4;2;2;-;12;1;2;12;1961;4;2;2
T045;181;08180-770;6;63;4;3;1;5;2;2;1;2;6;2;2;8;1997;5;1;2
T162;1164;08180-640;1;11;2;4;2;-;9;7;1;2;6;1;2;9;1967;5;2;1
T131;4273;05307-171;5;63;3;1;1;3;3;4;1;1;1;1;1;2;1950;3;1;3
T185;5215;08430-860;1;14;6;3;1;5;9;4;3;-;12;2;2;5;1966;2;2;3
T115;852;04847-230;5;63;2;3;1;2;7;6;1;1;1;2;2;11;1987;2;2;1
T118;3815;04852-410;5;65;3;3;2;-;8;7;1;1;3;1;1;5;1973;1;1;3
T112;183;05307-179;1;53;4;1;1;6;7;7;3;-;2;2;1;10;1974;1;2;1
T146;742;05307-177;1;53;4;1;2;-;2;6;2;-;4;1;1;3;1996;1;2;1
T164;497;08180-780;6;15;1;0;1;5;7;5;2;-;6;2;2;6;1996;1;1;3
T071;3913;05307-173;6;65;5;4;2;-;4;5;3;-;4;2;2;11;1957;5;2;3
T030;2735;08180-790;6;15;5;1;1;2;2;6;3;-;3;2;1;5;1973;5;2;1
T005;4843;04836-412;6;13;2;2;1;1;8;1;3;-;4;1;1;7;1981;3;2;1
T092;4333;04836-411;6;52;2;2;2;-;8;1;2;-;4;2;1;3;1950;5;1;2
T004;1897;02031-205;1;61;4;1;2;-;5;1;2;-;1;2;2;12;2000;3;1;2
T155;2935;02952-165;5;62;1;2;2;-;3;6;1;2;2;2;2;5;1962;3;1;3
T039;673;04895-275;6;62;3;1;2;-;2;5;1;2;3;1;2;9;1956;5;1;2
T102;3287;08180-630;5;52;5;2;2;-;5;1;3;-;1;2;1;8;1987;5;1;2
T118;924;05307-175;1;13;4;4;1;1;1;5;2;-;2;1;1;1;1961;1;2;1
T034;3369;04859-355;6;63;2;2;2;-;6;1;2;-;1;2;1;2;1954;2;1;2
T012;5539;02635-176;6;64;4;2;1;6;4;3;3;-;6;1;1;6;1998;1;2;3
T126;5117;04960-105;1;14;2;4;2;-;10;6;2;-;2;1;2;1;1960;3;2;1
T087;3825;02280-330;6;14;5;3;2;-;10;3;1;3;10;2;1;1;1954;4;1;1
T007;908;04820-075;6;12;1;1;2;-;9;3;2;-;12;2;1;11;1953;4;2;2
T102;1634;05207-220;1;13;5;4;1;2;6;3;2;-;4;2;1;11;1955;3;1;2
T148;3770;04856-557;6;52;3;0;1;2;7;6;2;-;1;1;2;10;1995;3;2;3
T184;3342;08452-425;6;14;2;2;2;-;2;1;2;-;1;1;1;11;1963;5;1;1
T048;747;08452-435;6;13;5;2;1;2;5;6;3;-;6;1;1;5;1957;2;1;1
T085;2130;08452-445;6;64;2;1;2;-;6;6;2;-;2;1;2;6;1951;5;1;2
T082;2035;08452-455;6;15;2;0;1;6;9;7;1;1;2;1;2;10;1990;2;1;1
T048;3199;04859-335;6;65;1;3;1;2;7;6;1;1;3;2;1;2;1982;4;1;3
T133;2449;03756-075;5;64;6;4;2;-;8;7;1;2;10;2;1;12;1998;4;2;2
T154;5491;04859-340;1;61;4;4;2;-;5;3;2;-;10;1;2;10;1981;5;2;3
T155;5135;08180-650;5;14;3;4;1;1;2;3;2;-;10;1;2;9;1959;2;1;1
T018;5379;04859-385;1;65;4;4;1;5;4;3;1;1;4;2;2;8;1974;1;1;3
T116;807;08180-620;5;52;1;0;1;4;9;1;1;1;10;1;2;2;1961;5;1;3
T025;2148;08180-600;5;61;6;1;2;-;1;3;2;-;2;2;1;4;1986;1;1;2
T096;4013;05267-235;5;63;5;2;2;-;9;5;1;1;2;2;1;4;1953;4;2;1
T075;1732;03736-005;6;11;5;0;2;-;9;5;3;-;1;1;2;5;1981;4;2;1
T138;831;04859-399;5;65;6;2;2;-;6;5;3;-;1;1;1;11;1985;1;1;1
T003;3426;04859-345;6;65;4;0;1;3;10;1;3;-;4;2;2;12;1979;4;1;3
T160;1778;04859-390;5;61;2;4;2;-;7;6;1;3;6;1;1;10;1987;3;2;3
T023;5479;04859-350;5;61;5;0;2;-;5;5;1;1;12;1;2;5;1973;2;2;2
T139;3693;04859-380;5;12;3;1;2;-;1;3;3;-;12;2;1;3;1994;2;2;3
T120;1193;04859-375;5;14;2;0;1;3;2;2;1;3;6;1;2;9;1953;4;1;3
T165;1171;04859-370;1;51;2;2;2;-;2;1;1;2;6;2;1;7;1950;5;2;2
T154;1321;04859-365;1;51;2;3;2;-;1;1;2;-;12;2;1;7;1990;3;1;2
T042;2477;04859-360;1;51;4;2;2;-;4;2;1;1;4;1;2;2;1975;1;1;2
T067;2713;04847-210;1;13;1;2;1;3;1;7;1;1;1;2;2;4;1982;3;1;3
T045;3187;04859-395;6;13;2;4;2;-;6;4;3;-;12;1;1;6;1981;3;2;1
T008;1598;04963-250;1;11;6;3;1;5;5;6;2;-;1;1;1;5;1975;1;1;1
T132;4341;08143-250;5;61;3;4;2;-;9;1;1;1;12;2;1;10;1966;1;1;3
T152;4837;05164-128;1;51;2;1;2;-;8;4;1;2;10;2;1;2;1972;3;1;1
T140;543;05164-127;1;52;1;0;2;-;7;4;2;-;1;2;2;6;1996;2;2;3
T099;2857;04186-015;6;11;4;0;1;2;3;6;2;-;2;2;1;12;1958;2;1;1
T112;582;02378-180;5;13;5;2;1;1;6;7;3;-;4;1;1;2;1960;4;1;3
T139;2529;08151-605;5;61;5;3;1;1;3;7;1;1;12;1;1;6;1965;3;1;3
T161;4346;04963-240;6;11;2;4;2;-;5;2;3;-;1;1;1;9;1992;3;1;1
T174;3730;04963-195;5;52;4;1;2;-;4;3;1;2;10;1;2;1;1967;5;2;3
T175;946;04963-260;6;61;1;2;1;6;10;3;1;1;6;2;1;3;1974;2;2;1
T056;3761;08245-475;1;61;3;1;1;1;5;7;2;-;6;1;2;8;1986;1;1;2
T020;1744;05164-133;6;12;5;3;2;-;9;6;2;-;1;2;1;8;1986;5;2;2
T139;221;04963-290;5;53;6;4;1;4;8;5;1;3;1;2;2;10;1961;1;2;3
T134;3995;05164-134;5;51;1;4;2;-;8;7;2;-;10;1;1;4;1979;3;1;3
T038;380;04963-225;6;14;3;2;1;4;8;4;2;-;3;1;2;6;1964;1;1;3
T051;2805;04963-270;5;15;6;1;2;-;10;1;2;-;4;2;1;4;1992;2;1;2
T074;569;04963-185;5;11;1;3;2;-;1;1;1;1;6;1;2;3;1972;2;1;3
T137;5493;04963-280;5;64;2;1;1;1;9;2;1;3;10;1;1;4;1951;2;2;2
T033;279;08151-625;6;62;1;3;1;5;6;3;1;1;6;2;2;3;1992;5;2;2
T061;4925;08151-635;6;62;3;2;1;1;3;3;1;3;1;2;1;10;1991;4;2;1
T175;2646;08151-645;6;11;2;1;1;5;4;2;2;-;6;2;2;5;1990;1;2;2
T049;2376;08150-164;5;11;2;3;1;2;9;1;2;-;4;1;2;10;1979;2;1;3
T057;4366;08150-168;6;13;5;3;1;4;7;6;2;-;3;2;2;7;1971;3;2;3
T179;3474;08150-166;1;51;3;1;2;-;7;5;2;-;2;1;2;5;1965;4;2;2
T069;1614;04963-230;6;13;5;2;2;-;7;1;1;3;1;1;2;1;1969;4;1;2
T064;3955;08150-810;5;15;3;1;2;-;7;7;1;3;1;1;1;8;1962;5;1;3
T029;2047;08143-240;6;51;5;2;1;6;4;5;3;-;12;2;2;6;1970;2;1;2
T024;2867;08143-230;5;63;5;4;2;-;8;5;3;-;2;1;1;11;1974;4;2;1
T048;2740;04862-030;5;11;5;0;2;-;2;4;3;-;2;1;1;12;1960;3;1;2
T097;3569;08142-810;6;62;4;0;2;-;2;3;1;2;1;2;1;12;1991;5;1;2
T168;4070;08142-800;5;11;1;1;1;2;3;2;1;2;4;1;2;4;1963;1;2;2
T151;1022;08142-780;5;53;2;0;1;6;6;6;2;-;4;1;1;8;1980;2;1;1
T187;5550;08142-760;6;12;2;0;1;3;1;5;2;-;4;1;2;5;1952;2;2;1
T040;2279;04962-000;5;64;5;3;1;3;1;3;3;-;12;2;2;9;1985;5;2;2
T176;4297;04965-140;5;51;5;4;1;2;9;1;1;3;6;2;2;9;1961;4;2;2
T059;1573;04963-010;5;52;4;4;1;6;7;4;1;3;10;1;2;3;1966;3;1;1
T040;5083;05164-129;1;62;5;0;2;-;6;6;2;-;3;2;2;12;1988;2;1;2
T046;5448;08150-820;6;64;1;0;1;4;2;1;1;1;10;1;1;6;1961;5;2;3
T023;1786;08131-325;1;65;2;4;1;5;9;6;3;-;2;1;1;11;1963;5;2;1
T052;2505;02366-265;6;52;2;0;2;-;9;4;2;-;6;2;1;6;1999;1;2;3
T030;2870;05797-010;5;14;4;1;1;4;8;5;3;-;1;2;1;3;1964;4;2;2
T035;683;08490-630;1;11;6;2;1;3;7;3;2;-;6;2;2;2;1951;5;2;3
T101;5188;08490-640;1;53;2;4;2;-;2;5;3;-;2;1;1;7;1997;2;1;2
T037;4673;03277-025;5;63;2;2;1;6;4;3;1;3;2;2;2;3;1982;3;1;3
T143;1995;05396-465;6;51;3;0;1;4;5;4;2;-;6;2;2;12;1956;2;2;1
T077;1337;08121-106;5;65;1;1;1;3;9;2;2;-;4;1;2;1;1991;4;1;1
T046;586;08121-103;1;65;6;0;1;6;4;1;2;-;3;1;2;4;1990;2;1;3
T131;4565;05164-137;5;62;2;4;2;-;10;7;1;1;12;2;1;12;1958;4;1;1
T051;2511;05164-139;5;52;2;2;2;-;1;6;2;-;3;2;1;12;1992;1;1;3
T193;642;02365-010;6;61;2;3;1;3;9;2;1;2;4;1;2;1;1974;2;1;1
T189;695;08111-730;5;52;6;0;2;-;9;4;3;-;10;2;1;3;1987;4;1;2
T151;5160;08111-785;1;52;3;1;2;-;9;7;3;-;10;1;2;5;1950;1;2;3
T103;4111;08111-780;5;64;2;2;1;3;6;7;1;1;6;1;1;2;1963;5;1;3
T085;993;08111-775;1;14;2;4;1;2;8;5;2;-;12;1;1;10;1990;2;1;2
T169;930;08111-770;6;65;5;3;2;-;2;7;2;-;10;2;1;6;1988;5;1;2
T125;1934;08430-865;5;11;3;1;2;-;4;5;3;-;3;1;1;8;1992;2;2;1
T116;575;08111-765;6;61;4;2;2;-;5;6;1;2;12;1;2;4;1961;1;2;1
T107;599;08111-760;6;51;3;3;2;-;4;4;2;-;6;2;2;3;1969;1;2;2
T072;397;08111-755;1;13;2;3;1;4;1;6;3;-;10;2;1;4;1969;3;2;3
T026;1684;08111-750;6;14;1;4;1;1;4;7;3;-;4;1;2;7;1979;2;2;2
T147;1084;08111-745;6;65;6;3;1;5;6;2;2;-;12;2;2;6;1984;2;1;3
T167;4671;08150-265;1;53;1;3;2;-;3;3;3;-;2;1;1;12;1966;3;2;2
T034;2011;08111-735;5;64;4;2;1;4;3;5;1;2;10;1;1;3;1950;2;1;2
T193;2865;08111-800;1;13;5;3;2;-;9;2;3;-;1;2;1;10;1972;5;1;3
T100;4076;03383-105;6;63;5;0;2;-;9;3;1;2;6;2;1;3;1981;3;2;1
T005;2132;04883-405;1;12;4;1;1;4;9;4;3;-;10;2;2;10;1980;4;2;3
T199;5540;04963-300;1;62;4;3;1;4;8;6;3;-;4;2;2;11;1984;5;2;2
T028;2639;08130-465;1;64;6;2;2;-;1;2;1;1;12;1;2;3;1967;3;1;2
T029;885;08130-005;1;13;3;4;2;-;3;1;3;-;12;2;2;5;1955;5;1;3
T101;2872;08150-162;6;64;5;0;2;-;4;1;3;-;3;1;2;3;1975;4;1;3
T004;4454;08150-160;6;62;6;1;2;-;5;6;3;-;4;2;2;8;1968;3;2;1
T148;1907;08150-158;5;65;2;4;1;1;3;2;3;-;3;1;2;6;1950;3;1;2
T020;4413;08150-156;5;12;1;0;1;4;8;2;1;2;1;1;1;1;1955;4;2;2
T082;3917;08150-154;1;52;3;1;2;-;1;7;2;-;10;1;2;8;1997;5;2;1
T127;4396;08111-740;5;51;2;2;1;3;1;5;3;-;10;2;2;10;1977;1;1;2
T080;4737;08150-700;1;62;1;2;2;-;10;3;2;-;1;2;2;12;1985;5;2;1
T075;3623;08142-790;1;13;5;0;2;-;10;5;3;-;6;1;1;3;1963;3;2;2
T032;1949;08150-152;1;51;6;4;2;-;3;7;3;-;12;2;1;12;1954;1;2;2
T060;1597;08150-800;5;11;4;2;1;5;2;5;1;2;4;1;1;11;1969;3;1;1
T132;659;08150-790;5;11;6;0;2;-;3;5;2;-;3;1;1;10;1967;2;2;2
T022;3220;08150-780;1;11;5;3;1;2;10;4;3;-;2;2;1;8;1995;5;1;3
T140;1516;08150-770;1;63;2;0;2;-;5;6;3;-;3;1;2;4;1983;1;2;2
T106;1188;08150-760;5;52;1;0;1;3;1;5;1;3;6;1;2;12;1990;3;2;1
T096;2628;08150-750;6;65;6;0;1;4;6;3;3;-;6;2;2;4;1990;2;1;3
T021;4878;08150-740;1;61;4;4;1;6;4;7;3;-;1;2;1;10;1954;2;2;1
T109;4317;08150-730;5;62;4;4;2;-;3;7;1;3;10;2;2;4;1987;2;1;1
T064;3698;08111-790;6;11;3;2;2;-;9;4;2;-;1;2;1;4;1965;5;1;2
T074;1536;08150-710;5;51;5;1;1;3;1;2;2;-;1;2;2;3;1978;5;2;3
T145;2302;08111-795;5;51;3;0;2;-;10;6;3;-;4;2;1;6;1964;3;1;2
T150;2193;08150-690;1;52;3;4;1;3;5;4;1;3;12;1;2;10;1970;1;1;1
T047;2268;08150-680;6;63;3;3;1;1;9;6;1;3;12;2;1;7;1981;4;2;1
T075;3513;08150-670;6;63;3;1;2;-;5;6;1;1;4;2;2;8;1981;5;1;1
T193;4906;08150-650;5;12;1;3;1;6;9;4;2;-;2;1;1;2;1956;3;1;1
T086;3635;08150-645;1;15;6;3;1;3;3;6;3;-;10;2;2;3;1996;3;1;1
T060;5461;08111-825;1;15;2;4;1;3;10;2;1;2;4;1;2;3;1990;2;1;2
T121;2463;08111-820;6;53;1;4;2;-;4;4;2;-;4;1;1;6;1959;1;2;3
T086;2399;08111-815;5;53;2;4;1;5;10;5;2;-;1;2;1;3;1995;3;2;1
T137;4011;08111-810;6;15;5;2;2;-;4;1;1;2;10;1;1;9;1978;5;2;2
T094;4992;08111-805;5;12;6;1;2;-;5;5;3;-;4;1;2;4;1985;5;2;1
T018;2067;08151-615;5;52;4;0;2;-;6;6;2;-;6;1;1;9;1983;5;2;1
T070;2147;08150-720;1;63;3;1;1;2;9;2;3;-;6;1;1;5;1989;2;2;3
T053;1570;04775-167;6;62;1;2;1;3;8;6;1;3;1;2;2;1;1982;4;1;2
T128;5463;03068-005;6;13;2;0;1;2;2;5;2;-;10;2;2;11;1968;1;2;1
T110;1788;08452-505;6;11;3;1;1;5;4;1;2;-;3;1;2;6;1951;2;2;3
T021;1286;04880-055;1;53;5;2;1;4;10;1;1;3;6;1;2;8;1966;5;2;3
T022;5472;03733-020;1;61;6;2;1;1;9;4;3;-;4;2;2;1;1999;5;2;2
T183;2115;03615-000;5;15;6;1;2;-;2;6;3;-;1;1;2;4;1962;2;2;2
T190;5469;08120-595;1;13;6;3;2;-;10;4;3;-;3;2;2;1;1997;1;1;1
T007;2098;08120-485;1;15;4;2;1;2;1;7;1;3;3;2;1;2;1993;2;2;1
T072;1726;03939-072;6;15;3;2;2;-;6;5;1;3;12;2;1;3;1951;1;2;3
T058;554;05885-380;5;64;1;2;2;-;3;7;1;2;12;1;1;9;1999;1;2;2
T166;1798;08152-125;1;53;5;0;2;-;5;7;1;3;6;1;2;6;1958;3;1;2
T059;3374;03939-069;5;51;1;1;2;-;3;7;2;-;10;2;1;12;2000;4;1;1
T185;3810;04892-025;1;52;6;1;2;-;8;7;3;-;4;1;1;10;1967;3;1;2
T094;4188;04405-095;1;51;1;3;1;1;6;3;2;-;12;1;1;5;1988;5;1;1
T037;216;04920-125;1;61;1;1;1;6;10;7;2;-;4;1;1;8;1993;1;1;1
T173;4518;08142-880;1;62;1;4;2;-;2;3;1;3;10;1;2;12;1954;2;2;2
T183;3487;08142-870;5;52;3;1;2;-;2;1;3;-;1;2;2;10;1957;5;2;2
T112;2526;08142-860;6;65;5;2;2;-;2;7;1;3;6;2;1;7;1993;1;2;2
T100;864;04892-035;1;61;4;4;1;5;4;2;2;-;4;1;2;6;1988;1;1;1
T047;4074;02925-165;5;64;6;2;2;-;6;6;2;-;12;1;1;7;1993;4;1;2
T062;1329;08160-385;1;14;4;1;1;5;7;2;3;-;6;1;1;8;1976;1;1;1
T066;5519;08160-375;5;65;2;0;1;5;5;3;2;-;6;1;1;11;1997;3;1;1
T013;2226;04962-045;5;62;2;2;2;-;10;1;3;-;6;1;1;9;1991;5;1;2
T045;2102;04962-030;1;64;6;1;1;3;10;5;3;-;4;1;1;5;1975;5;1;2
T137;819;03687-075;5;14;3;4;2;-;2;4;1;3;2;1;2;4;1950;3;2;1
T175;1059;02202-035;5;62;4;3;2;-;9;5;3;-;3;1;1;11;1984;5;1;1
T043;2615;02763-085;5;61;1;1;2;-;8;6;1;3;6;1;1;4;1950;4;1;2
T013;3677;04182-125;6;15;4;2;1;2;7;4;1;2;12;2;1;4;1978;2;1;2
T138;2873;04894-240;6;65;5;1;1;5;5;4;3;-;12;1;2;8;1995;2;2;2
T080;3824;08143-260;1;52;4;3;2;-;4;3;3;-;6;1;1;1;1996;1;1;3
T022;4482;08131-315;5;65;4;1;2;-;4;3;3;-;3;1;2;12;1978;2;2;1
T037;2750;04894-230;5;63;5;2;1;3;8;4;1;2;2;1;1;12;1965;2;2;3
T066;1547;04894-210;1;52;5;3;1;3;7;5;2;-;2;2;1;2;1990;2;2;2
T044;474;08120-565;1;63;4;1;2;-;5;4;2;-;3;2;1;12;1966;5;2;1
T128;1104;04894-200;6;12;1;3;2;-;8;2;2;-;10;1;2;6;1974;2;1;3
T073;1724;03407-045;1;52;2;3;2;-;10;4;2;-;3;2;1;5;1962;1;1;3
T189;335;08142-770;1;61;3;2;2;-;4;5;3;-;1;1;2;6;1978;4;2;2
T162;519;04182-115;6;63;5;1;1;2;6;6;3;-;10;2;2;6;1996;5;2;3
T172;2581;04894-250;5;61;4;2;2;-;5;2;2;-;1;2;2;3;1962;3;1;3
T133;4153;04902-015;1;12;2;1;1;4;3;4;1;2;10;2;1;11;1979;3;2;3
T151;2664;02542-113;1;13;6;1;1;3;4;7;1;2;1;1;1;12;1992;5;2;1
T028;2010;04177-447;1;51;3;2;1;5;2;6;2;-;3;1;1;3;1989;2;1;3
T187;5318;04177-445;5;15;6;0;1;5;5;3;1;1;4;1;2;12;1952;1;1;2
T169;3108;08490-018;5;51;2;4;2;-;8;3;2;-;2;1;2;4;1996;5;2;2
T060;2085;08490-007;6;61;4;4;1;1;6;6;3;-;12;2;1;2;1964;2;1;3
T147;4260;08490-008;1;52;4;3;2;-;3;5;1;3;2;1;1;5;1968;2;1;1
T115;2321;08490-019;5;62;3;4;1;2;6;1;3;-;1;2;2;4;1985;3;1;1
T068;1296;08490-009;5;14;1;0;1;5;7;1;3;-;1;1;1;3;1983;4;1;1
T067;3193;03976-085;1;63;1;1;2;-;1;6;2;-;1;2;1;3;1970;5;1;3
T091;2633;04950-135;5;15;1;3;2;-;7;3;3;-;1;1;1;4;1991;4;2;3
T039;646;08031-080;5;12;2;1;1;6;2;4;3;-;12;2;2;3;1963;5;1;3
T153;1285;08431-470;1;15;6;3;2;-;2;7;3;-;10;2;2;8;1991;1;2;2
T004;2649;04894-260;5;52;6;1;2;-;9;5;1;1;2;2;1;7;1957;2;2;1
T141;1318;08431-430;5;11;6;2;1;1;6;7;1;3;10;2;1;8;1963;3;1;3
T100;2546;02993-007;5;62;2;1;2;-;2;4;1;1;6;2;2;8;1988;1;1;2
T058;4359;04910-015;1;52;3;1;2;-;8;1;3;-;10;2;1;1;1998;4;2;3
T100;1621;04917-165;1;51;6;2;2;-;10;1;3;-;1;1;1;3;1985;2;1;2
T038;2749;04917-005;5;62;6;2;2;-;9;2;2;-;6;1;1;1;1975;4;2;3
T050;555;04915-065;1;53;1;4;1;1;3;4;1;1;6;2;1;5;1961;4;2;2
T102;2061;04904-115;6;64;3;2;2;-;5;2;1;3;6;1;1;9;1954;1;1;3
T099;2091;04904-025;6;15;1;2;2;-;2;6;3;-;10;1;2;10;1990;2;1;1
T035;1795;04902-005;1;11;4;0;2;-;1;3;2;-;1;1;1;5;1985;2;1;2
T086;1352;04909-025;6;53;3;0;1;1;10;6;2;-;4;1;2;5;1971;1;1;2
T008;5497;04856-120;5;62;4;2;1;2;6;1;1;1;1;2;2;10;2000;4;1;3
T047;2346;04855-560;6;64;1;2;1;6;7;3;3;-;10;2;2;12;1986;2;1;2
T048;3017;04843-430;1;64;6;2;2;-;6;5;1;3;1;2;2;12;1977;3;1;1
T198;1397;04844-445;5;64;3;0;2;-;8;4;3;-;12;1;1;8;1963;4;2;3
T181;2681;04847-205;6;51;3;0;1;3;5;4;3;-;4;2;2;12;1996;1;2;1
T098;3819;08031-020;6;12;4;1;1;1;9;7;2;-;6;2;1;2;1954;4;2;3
T013;5009;04854-250;6;15;6;0;1;6;9;5;1;2;2;1;1;1;1977;2;1;2
T158;226;04844-750;1;61;5;4;1;5;2;5;1;2;6;2;2;3;1959;5;1;2
T123;4712;04844-345;1;14;4;2;2;-;3;7;2;-;1;1;2;3;1989;5;2;2
T095;5359;04844-305;5;62;5;0;1;3;8;4;1;2;2;1;2;8;1970;4;2;1
T071;1522;04835-385;5;62;5;0;2;-;8;4;3;-;10;1;2;11;1957;4;2;3
T189;1162;04835-375;5;53;4;1;1;5;8;7;1;3;4;1;2;9;1958;5;1;3
T044;137;08382-090;6;62;2;1;1;5;7;6;1;1;12;1;2;5;1999;5;2;2
T104;1641;02190-120;1;15;5;0;1;2;1;7;2;-;10;2;2;10;1970;2;1;2
T072;4902;03882-180;5;61;4;2;1;5;4;7;2;-;3;2;2;6;1962;2;2;2
T172;4194;02253-005;1;11;4;4;2;-;10;4;2;-;2;1;1;4;1984;1;2;3
T170;725;08430-028;1;62;3;2;2;-;5;2;1;3;10;1;2;8;1990;3;2;1
T082;1784;08430-027;1;61;6;2;1;1;2;7;2;-;1;1;2;1;1987;2;1;3
T085;2492;08143-310;6;51;3;2;2;-;3;6;1;1;3;2;1;12;1977;3;2;3
T141;4137;08050-570;1;11;3;4;1;1;1;7;1;2;1;1;1;10;1974;2;1;1
T158;2347;08235-560;5;63;4;1;1;2;6;3;3;-;1;1;2;9;1972;1;2;1
T131;1999;08143-270;5;14;3;4;2;-;4;4;3;-;2;2;1;5;1980;5;1;2
T146;2283;08143-280;1;64;3;0;1;4;6;4;1;3;4;2;1;7;1952;1;2;1
T015;2670;08143-290;1;11;2;1;1;6;9;5;2;-;10;1;1;10;1954;3;1;3
T053;1736;08143-370;1;61;1;0;2;-;1;5;2;-;1;1;1;10;1991;3;2;3
T152;2036;01534-000;1;53;6;2;1;6;9;7;2;-;1;1;2;5;1967;2;1;3
T169;4960;08143-300;1;51;2;3;2;-;3;2;1;1;2;2;2;4;1983;4;1;2
T088;1189;08143-380;5;64;1;2;1;5;10;3;2;-;6;2;2;12;1997;2;2;3
T156;292;08143-320;5;14;1;4;2;-;2;6;1;3;3;2;2;11;1999;1;2;1
T047;2488;08143-330;6;15;4;4;1;1;3;7;1;2;12;2;2;12;1973;4;1;2
T081;2455;08143-350;6;11;3;0;1;3;4;2;1;2;3;1;2;6;1954;5;1;2
T159;1832;08143-355;6;13;5;3;1;5;8;1;3;-;3;2;2;4;1985;1;2;3
T084;3690;03939-067;6;63;5;3;1;2;6;1;2;-;2;1;2;8;1980;4;2;1
T181;5305;08474-135;6;61;5;1;2;-;9;6;1;3;3;1;1;1;1955;1;1;2
T174;1859;08143-360;5;12;5;3;1;4;6;7;1;3;2;2;1;2;1986;5;2;2
T187;4727;08143-410;1;51;2;3;1;1;7;4;2;-;4;1;1;9;1998;2;1;2
T068;3009;08142-850;6;15;1;3;2;-;5;4;2;-;4;1;1;3;1971;4;2;3
T119;2137;08142-840;6;53;6;3;1;5;7;3;1;3;10;1;1;2;1978;1;2;3
T073;1338;08142-830;1;14;3;1;1;2;7;4;3;-;12;2;1;10;1973;3;1;2
T115;170;08142-820;5;62;2;0;1;4;6;7;2;-;12;2;1;7;1959;4;2;2
T060;2892;08143-420;6;65;4;4;1;3;3;2;3;-;10;1;1;11;2000;3;1;3
T069;468;08050-725;6;61;4;2;1;5;2;7;1;3;6;1;2;9;1961;2;2;1
T164;3881;08143-400;6;62;4;0;2;-;1;3;3;-;10;1;2;1;1979;4;1;2
T048;3583;08143-390;1;53;4;4;2;-;6;7;3;-;6;1;1;8;1979;3;1;1
T133;577;03938-172;6;63;4;2;2;-;7;2;3;-;2;2;1;8;1978;5;2;2
T023;1693;08220-225;1;64;6;1;1;3;3;5;1;1;1;1;1;7;1963;2;2;3
T144;5490;03938-173;1;64;4;3;1;6;5;2;2;-;10;2;2;5;1997;3;1;2
T040;5373;03938-171;5;62;1;3;2;-;7;5;2;-;12;2;2;4;1998;1;2;2
T077;4200;03938-174;1;12;5;0;1;6;2;1;1;2;1;2;2;5;1977;1;2;2
T143;1000;08143-430;6;52;4;4;1;5;10;7;2;-;10;1;2;2;1961;3;2;2
T116;4506;05205-381;1;51;5;3;2;-;7;1;2;-;3;1;1;12;1965;3;2;3
T074;3451;05207-081;6;61;4;1;1;6;5;5;3;-;6;2;2;5;2000;3;1;3
T197;1147;05207-082;5;63;3;2;2;-;10;1;1;2;10;1;2;11;1967;5;1;3
T098;3278;05207-051;6;12;1;1;2;-;10;2;2;-;2;2;2;5;1990;3;2;1
T002;3054;04892-235;6;53;6;2;2;-;2;2;1;1;12;2;2;11;1954;4;1;3
T091;133;05574-007;5;12;3;0;2;-;5;5;2;-;2;2;1;8;1957;3;2;3
T111;345;05205-191;5;65;1;3;1;6;8;5;3;-;12;2;1;7;1960;3;1;3
T143;1439;05205-371;5;61;2;4;2;-;8;7;2;-;4;1;1;3;1980;3;1;3
T117;5237;08120-660;1;53;3;3;1;2;10;7;2;-;3;1;1;6;1974;2;1;3
T154;2415;05205-382;1;61;6;0;2;-;4;4;3;-;10;1;1;12;1980;5;2;3
T064;739;05205-341;1;14;2;2;1;2;4;1;2;-;12;2;1;8;1994;5;2;3
T105;2712;05205-342;5;63;1;3;1;2;8;2;1;2;2;1;2;10;1956;4;2;2
T073;1483;05205-221;6;64;4;4;1;3;8;2;3;-;12;2;1;8;1994;1;1;1
T124;3517;05205-222;1;63;5;2;2;-;4;3;2;-;6;2;1;6;1972;4;1;2
T169;4566;05205-223;5;51;6;3;1;1;2;5;3;-;12;2;2;3;1994;5;2;2
T078;3554;04848-185;1;14;1;3;1;2;5;5;3;-;10;2;2;2;1969;5;2;2
T073;1544;01216-012;5;62;2;0;2;-;7;3;1;3;4;2;1;4;1972;5;1;2
T078;1327;01213-003;1;11;2;0;1;6;9;6;3;-;6;2;1;10;1970;1;2;2
T111;4982;01213-002;1;11;2;3;1;4;4;4;2;-;4;1;2;1;1954;5;2;1
T123;1657;01210-003;1;13;6;2;2;-;3;3;1;2;4;1;1;5;1997;2;1;3
T128;2208;01210-002;5;13;5;0;1;2;8;3;1;2;1;1;1;12;1996;3;1;1
T151;3560;01212-001;1;11;5;1;1;4;9;5;1;3;2;1;2;10;1985;4;2;2
T027;5224;01212-002;5;62;3;0;1;5;9;3;1;1;4;1;1;7;1984;2;2;1
T114;1479;08120-650;6;53;2;0;2;-;3;5;1;2;3;1;2;9;1961;4;1;2
T177;4453;01216-011;1;62;4;1;2;-;1;1;1;3;12;2;2;8;1999;5;1;1
T135;1180;08120-680;5;11;1;1;2;-;4;3;2;-;6;2;2;4;1992;5;1;3
T012;3615;01208-011;1;13;5;1;2;-;2;3;2;-;3;1;1;12;1998;4;1;1
T038;1591;01208-012;6;11;6;2;1;5;7;4;3;-;6;1;2;7;1965;1;2;1
T039;5510;03059-001;5;14;5;0;1;1;6;3;1;2;4;2;1;3;1994;5;1;1
T115;2977;03059-005;5;52;2;4;1;2;5;1;3;-;4;2;2;11;1955;4;2;2
T166;2271;08120-670;6;14;2;3;1;1;4;2;2;-;1;2;2;2;1958;4;2;1
T183;1765;04413-085;5;12;1;1;1;2;4;4;3;-;6;2;1;10;1968;3;1;2
T027;2949;05676-120;1;12;6;4;2;-;4;2;3;-;2;2;1;12;1973;2;2;3
T146;570;08346-080;6;62;3;3;2;-;10;2;1;3;3;1;2;2;1999;1;1;2
T138;669;08310-598;1;65;4;1;1;1;2;7;2;-;12;1;1;5;1963;3;1;2
T033;4350;04880-065;1;13;2;2;1;5;8;5;3;-;3;1;2;6;1965;5;1;3
T051;811;04855-235;1;51;6;1;2;-;3;2;1;2;4;1;2;1;1966;4;1;3
T158;4968;08191-100;5;62;2;3;2;-;8;7;1;2;3;2;2;8;1977;4;2;2
T099;1668;08310-594;5;63;2;1;2;-;3;7;2;-;10;2;1;2;1967;4;2;3
T164;506;08330-587;6;52;2;2;1;2;9;1;2;-;12;1;1;2;1950;3;1;2
T082;3165;08346-377;6;14;3;2;2;-;2;5;1;2;4;2;2;3;1953;2;2;1
T174;104;08340-495;6;61;5;4;1;5;5;5;3;-;4;1;1;9;1990;5;1;3
T187;5126;08310-562;6;64;5;4;1;6;1;4;2;-;1;1;1;6;1965;2;2;3
T159;1531;03689-035;6;15;2;2;2;-;7;6;3;-;1;1;2;8;1951;1;2;3
T159;370;05873-385;6;63;4;2;1;5;6;3;1;3;2;2;2;11;1972;5;1;1
T198;4948;05205-161;5;14;6;1;1;4;3;2;2;-;3;2;1;11;1954;3;1;3
T017;518;08310-592;5;15;5;3;1;4;9;2;1;2;2;1;1;3;1975;3;1;3
T010;1398;05281-013;1;65;1;3;2;-;2;3;1;1;1;2;2;4;1953;2;1;3
T034;4567;04476-115;5;65;4;1;2;-;9;2;1;1;1;2;1;9;1992;1;1;3
T057;3608;08340-425;1;51;5;3;2;-;10;1;2;-;6;1;2;1;1979;5;1;1
T153;1216;03894-225;1;12;1;2;1;6;7;3;3;-;1;1;1;1;1971;1;2;1
T065;799;08130-335;5;61;5;4;1;5;4;5;1;3;10;1;1;1;1989;1;1;1
T145;3758;08346-375;6;13;1;4;2;-;8;6;3;-;3;1;2;3;1961;4;2;3
T009;1556;02281-170;6;13;4;3;1;6;10;6;3;-;4;1;1;4;1953;4;2;1
T179;2424;04880-053;6;14;3;0;1;1;3;5;3;-;2;2;2;2;1965;3;2;1
T174;1918;04848-025;1;51;3;3;1;2;4;4;2;-;12;2;1;6;1976;4;1;1
T033;3195;08310-561;1;13;1;3;2;-;4;2;2;-;12;1;1;6;1978;3;2;3
T177;4660;02121-021;5;64;4;4;1;4;6;7;2;-;2;1;1;8;1957;5;1;1
T001;4243;04424-017;6;53;5;1;1;3;5;7;1;2;3;2;2;6;1985;1;2;1
T116;3461;04424-019;1;13;6;2;2;-;8;7;3;-;4;1;2;2;1993;2;2;3
T088;4792;04823-025;6;15;5;3;1;2;7;1;2;-;6;2;2;12;1958;3;2;2
T165;5513;05173-020;5;51;6;0;2;-;5;5;3;-;1;2;2;8;1991;5;2;2
T140;5046;04424-013;6;12;3;3;2;-;1;1;2;-;4;1;1;10;1996;3;1;2
T097;1840;05205-372;6;15;4;2;1;6;3;1;3;-;10;1;1;1;1991;2;2;2
T041;3481;02812-005;1;62;3;2;2;-;9;7;2;-;10;1;1;9;1975;4;2;1
T158;4865;08285-065;5;13;3;2;1;5;9;7;1;1;3;1;1;6;1970;5;1;1
T023;5085;03120-015;5;14;3;4;1;6;6;1;2;-;1;1;1;9;1990;4;2;2
T010;225;04376-002;6;61;5;1;1;1;7;3;3;-;12;1;2;7;1999;2;2;1
T104;647;04376-004;5;53;6;3;2;-;7;5;2;-;1;1;1;11;1976;3;2;3
T011;486;04376-006;6;61;1;0;1;4;5;5;3;-;1;2;1;1;1981;3;2;2
T155;1588;04376-008;5;63;3;1;1;2;8;5;2;-;12;1;2;9;1953;1;2;3
T062;5254;04941-175;6;11;3;0;1;4;3;7;1;2;3;1;2;11;1990;4;1;3
T062;1781;08240-170;5;61;4;2;2;-;7;6;1;1;3;2;1;2;1972;5;2;2
T178;4403;08240-173;1;64;1;1;2;-;2;3;2;-;3;1;2;9;1955;2;2;3
T053;3025;04370-003;5;14;3;3;2;-;2;3;2;-;3;2;1;1;1954;2;2;2
T105;1502;04370-006;6;12;4;0;2;-;2;4;2;-;6;2;2;4;1955;2;1;1
T156;1039;03450-000;5;64;5;2;2;-;3;6;2;-;1;2;1;6;1967;3;2;2
T055;849;04427-022;1;61;1;2;1;4;2;7;1;1;1;2;2;4;1952;1;1;3
T076;1124;08285-060;5;53;4;1;2;-;7;6;3;-;4;2;2;2;1988;4;2;1
T058;2003;04963-310;5;62;2;1;1;3;8;6;3;-;4;1;1;1;1961;5;2;2
T115;5048;08295-000;1;64;6;4;1;5;2;5;3;-;10;1;1;12;1974;5;1;3
T115;3177;08295-001;6;63;6;1;1;4;3;7;1;1;2;2;1;4;1953;2;1;1
T026;2140;03526-000;6;11;2;3;2;-;7;3;1;2;4;2;2;8;1999;5;1;3
T095;4012;04434-015;5;52;3;4;2;-;10;3;2;-;1;2;1;7;1960;3;1;3
T131;2554;04429-135;1;65;6;4;1;5;5;4;2;-;6;1;2;5;1966;1;1;2
T185;4408;04429-065;1;13;3;1;2;-;5;6;2;-;4;2;2;12;1952;1;1;1
T033;3645;08421-552;1;13;6;4;2;-;6;5;3;-;2;2;1;12;1955;1;1;3
T187;4129;02994-051;5;12;3;1;2;-;4;4;3;-;12;2;1;5;1952;2;2;2
T174;1403;02994-053;6;13;3;4;2;-;7;2;3;-;3;1;1;4;1995;2;2;3
T019;5204;04476-075;6;13;6;3;2;-;4;6;1;3;6;1;2;1;1962;3;1;1
T185;4758;02987-001;1;52;3;0;2;-;7;1;2;-;4;1;2;11;1974;3;1;1
T133;2014;02987-002;6;51;6;2;1;4;8;2;2;-;10;2;1;11;1976;2;1;1
T024;4032;03450-001;1;61;2;1;1;6;2;2;2;-;2;1;2;3;1968;2;2;2
T027;366;04417-186;1;52;2;4;1;5;3;5;2;-;6;1;2;4;1951;5;2;2
T007;5196;04963-194;1;11;4;2;1;4;3;2;2;-;10;1;1;7;1982;2;2;2
T192;2991;04426-015;6;13;2;3;1;6;6;7;2;-;6;2;2;7;1955;4;2;3
T147;1619;04433-185;6;62;2;3;1;5;1;6;2;-;12;2;2;2;1979;2;2;3
T139;4830;04409-085;1;51;6;1;2;-;5;1;2;-;2;2;1;7;1993;5;2;2
T097;959;04410-115;1;61;4;3;1;4;1;2;1;1;6;2;2;11;1951;2;1;1
T010;5064;04410-175;6;53;2;2;1;4;4;1;2;-;10;2;1;6;1998;2;1;3
T047;5549;04411-225;6;12;5;1;2;-;1;4;2;-;3;2;2;2;1995;2;2;1
T046;3310;04410-006;5;62;5;2;2;-;1;3;2;-;10;2;1;12;1955;5;2;1
T054;2864;04410-004;6;12;2;1;2;-;3;6;1;2;4;2;2;10;1998;2;2;1
T018;1136;04410-046;6;11;2;1;1;3;5;1;2;-;4;1;1;8;1990;4;1;2
T106;1324;04410-005;1;63;5;1;1;4;6;6;1;2;2;2;2;11;1985;3;1;3
T126;4210;04407-035;1;15;2;0;2;-;7;1;3;-;2;1;1;1;1990;3;2;3
T129;3859;03120-010;1;51;4;1;2;-;8;2;1;3;3;2;1;8;1961;4;2;3
T060;4897;04407-098;1;61;5;4;1;4;4;5;1;1;10;1;1;2;1958;4;1;2
T185;736;04822-150;1;53;6;1;2;-;8;4;2;-;2;1;2;7;1985;1;1;1
T036;1182;04920-005;1;15;3;1;2;-;6;1;3;-;12;1;1;6;1993;4;2;3
T112;3672;04372-062;1;65;1;0;1;4;8;4;3;-;1;1;1;1;1986;3;2;2
T076;2940;04372-064;5;64;6;3;2;-;10;7;1;1;10;1;2;2;1959;3;1;1
T069;3128;04387-002;5;15;1;2;2;-;6;2;2;-;10;2;2;5;1997;3;2;2
T057;1533;04387-004;6;51;5;0;2;-;9;3;2;-;1;2;1;10;1975;1;2;2
T055;2514;04920-065;1;15;4;4;1;3;10;2;3;-;10;1;2;4;1976;3;2;2
T114;4527;04915-005;6;61;3;3;2;-;8;4;1;3;12;2;1;11;1991;3;2;1
T021;1064;04915-015;5;62;1;4;2;-;6;3;2;-;12;2;2;12;1997;2;2;2
T030;4733;04912-130;1;12;1;4;2;-;8;7;2;-;4;1;2;8;1983;5;2;2
T024;563;04912-125;1;52;6;2;2;-;5;4;1;2;3;2;2;3;1970;1;1;3
T035;3680;04912-105;5;63;6;3;1;3;7;3;3;-;10;1;2;4;1982;4;2;1
T063;2045;02981-041;6;64;2;3;1;3;1;7;2;-;3;1;2;4;1990;1;1;1
T140;654;04407-115;1;12;6;1;1;6;5;5;2;-;10;2;1;3;1992;4;2;2
T010;1222;08220-021;1;61;1;1;1;2;6;1;3;-;1;1;1;1;1988;5;2;2
T168;5333;02987-003;1;51;5;4;2;-;6;4;2;-;2;1;1;6;1970;5;1;2
T165;4900;02993-001;1;51;1;1;1;1;3;5;1;1;6;1;2;11;1968;2;2;1
T132;994;02997-001;5;52;6;3;1;1;7;6;2;-;10;1;2;1;1967;1;2;1
T119;4554;02997-002;6;64;2;3;2;-;4;3;1;1;3;2;2;12;1995;4;1;1
T011;2433;04384-034;6;15;1;0;1;1;3;2;3;-;3;1;1;3;1962;5;2;3
T134;1878;02997-256;1;53;3;3;2;-;9;3;1;2;1;2;2;8;1961;2;1;3
T200;888;02991-142;1;11;3;3;2;-;4;3;3;-;1;2;1;5;1967;5;2;2
T051;1069;02994-031;5;15;5;3;2;-;4;2;3;-;1;1;2;7;1998;4;2;1
T044;4600;02994-032;1;13;3;3;1;5;5;2;2;-;1;2;2;1;2000;1;2;1
T193;995;02994-033;6;13;5;2;2;-;9;4;3;-;3;2;1;11;1970;1;1;1
T039;5070;02994-034;6;15;4;2;1;2;4;7;3;-;3;1;2;3;1956;4;2;1
T133;4334;02994-035;5;14;6;2;2;-;3;7;3;-;1;2;1;3;1971;2;1;2
T025;3650;02992-003;1;53;6;1;2;-;5;3;2;-;4;1;2;12;1953;3;1;3
T192;5210;08220-011;1;64;3;2;2;-;7;4;2;-;3;2;1;2;1964;3;2;3
T009;5557;02991-042;5;64;1;1;2;-;9;6;2;-;12;2;2;2;1974;1;2;1
T032;435;08220-041;5;61;4;3;1;4;4;3;1;2;10;2;1;6;1956;2;2;2
T090;3275;08220-111;1;64;4;1;2;-;6;7;3;-;3;2;1;12;1984;5;1;2
T008;5208;02328-001;5;13;6;2;2;-;6;1;3;-;2;1;1;11;1967;4;1;3
T154;2247;02328-042;5;62;5;1;1;2;5;3;1;2;12;1;1;9;1988;2;1;3
T200;4568;02328-142;1;14;3;4;2;-;7;2;2;-;10;1;2;9;1997;4;2;3
T052;3320;04963-325;6;53;5;2;2;-;8;2;3;-;12;2;2;8;1974;1;1;2
T103;1442;04963-330;1;63;1;2;1;3;9;2;2;-;4;1;1;2;1966;1;2;2
T200;1476;04963-335;1;12;5;1;1;3;10;4;2;-;1;1;2;12;1982;2;1;1
T037;417;04963-340;5;62;4;2;2;-;9;1;1;2;3;1;1;1;1973;2;2;2
T136;3101;04963-354;5;64;3;4;2;-;9;4;1;1;12;1;1;8;1960;5;2;2
T036;4144;04963-350;5;14;2;3;2;-;7;2;2;-;4;1;2;11;1986;2;1;3
T147;446;04963-192;5;63;3;3;1;1;3;1;1;3;12;1;2;6;1958;5;1;3
T106;2429;08240-213;6;11;2;2;1;5;6;6;3;-;2;2;1;9;1987;2;1;2
T107;383;04421-225;1;61;5;2;2;-;5;6;2;-;1;2;2;4;1950;2;1;2
T066;74;04427-021;5;14;3;0;2;-;3;1;3;-;3;1;2;11;1987;1;1;3
T082;2393;02981-085;6;12;4;2;1;4;5;4;2;-;10;1;1;6;1970;2;2;1
T079;3336;02981-087;5;14;3;4;1;3;10;4;2;-;10;1;1;3;1970;2;2;2
T152;880;02982-141;1;12;2;0;2;-;4;4;3;-;10;1;2;7;1958;2;1;3
T113;3570;02982-142;6;51;3;2;2;-;7;5;1;3;2;1;1;4;1967;1;1;2
T054;1929;02985-001;5;64;3;2;2;-;3;3;1;2;4;2;1;10;1955;5;2;1
T136;3754;02986-081;6;65;2;3;2;-;4;4;3;-;4;2;2;10;1975;1;1;3
T032;2008;02986-082;5;14;4;4;2;-;5;5;3;-;12;2;1;2;1958;1;1;1
T094;4391;02986-083;5;14;4;2;1;2;5;1;1;2;2;1;2;6;1968;1;2;1
T072;4967;02986-084;1;65;5;0;1;4;1;5;2;-;6;1;1;5;1956;2;1;1
T136;2233;02986-085;1;61;2;4;1;1;9;4;3;-;10;1;1;12;1971;4;2;1
T036;4395;02567-250;6;65;5;1;1;3;5;7;1;2;6;2;2;6;1987;5;1;3
T029;3834;02992-131;6;51;5;4;2;-;8;7;1;3;3;1;1;12;1958;1;1;1
T140;4083;02567-253;5;52;3;4;2;-;10;1;3;-;2;2;2;7;1959;4;1;3
T183;2868;02981-021;5;61;6;3;2;-;2;1;3;-;2;1;2;6;1985;2;2;3
T081;1737;04421-235;1;51;2;2;2;-;3;7;2;-;3;1;1;12;1994;4;2;2
T167;5418;04421-240;1;65;5;3;2;-;10;1;3;-;1;2;2;8;2000;3;2;3
T110;3068;04425-005;6;15;2;1;1;1;5;3;1;3;2;1;2;2;1982;5;1;3
T031;4275;04425-025;1;11;6;4;1;2;9;3;1;1;3;2;2;4;1982;2;2;1
T164;3152;04425-035;5;53;6;2;1;1;5;4;3;-;2;1;1;9;1955;4;1;1
T060;3728;04414-175;5;51;1;2;2;-;10;4;1;3;3;2;2;7;1978;5;1;3
T123;3945;02991-016;5;52;2;3;2;-;2;1;3;-;12;2;1;6;1991;3;1;1
T029;2541;02991-031;1;62;6;3;1;5;6;7;3;-;6;1;1;2;1954;2;1;2
T096;2039;02991-032;5;62;4;0;2;-;1;3;3;-;2;2;1;12;1980;1;1;3
T042;3190;02991-033;6;65;4;0;1;1;4;3;1;1;4;2;2;1;1996;1;2;2
T154;2544;02991-034;6;65;5;0;2;-;1;3;2;-;10;1;1;9;2000;1;2;1
T147;5553;02991-041;6;14;6;4;1;1;10;1;3;-;3;1;2;7;1981;3;2;3
T024;4143;02567-252;5;51;1;2;1;5;1;6;1;3;10;1;1;6;1962;1;1;3
T171;411;08180-525;6;62;3;0;2;-;4;6;2;-;10;2;1;9;1978;4;2;2
T119;437;04421-195;5;11;4;2;1;1;1;4;3;-;1;1;1;3;1952;1;2;2
T052;2437;04421-245;1;61;3;2;1;3;2;7;3;-;6;2;2;3;1953;3;1;1
T185;3926;04429-002;6;14;3;0;2;-;2;5;3;-;4;1;1;1;1970;2;2;2
T078;1041;04830-302;5;65;4;3;2;-;5;5;2;-;2;2;1;4;1980;1;2;3
T042;2049;04830-304;1;52;6;1;1;2;6;6;1;1;1;1;1;1;1955;1;1;2
T144;2445;04830-306;1;62;4;1;2;-;5;6;1;3;10;1;1;10;1990;4;1;3
T017;4278;04842-305;6;64;4;3;2;-;7;4;3;-;4;2;2;11;1951;2;2;3
T114;4220;04413-015;1;52;6;1;1;5;1;5;2;-;10;2;2;7;1996;5;1;2
T031;1577;04413-075;5;12;6;4;1;6;2;6;2;-;3;1;2;2;1969;1;2;3
T120;2686;04414-015;6;62;6;4;2;-;7;4;2;-;10;2;2;9;1962;4;1;2
T199;1279;04413-082;5;13;5;2;2;-;6;6;1;2;12;2;1;5;1953;4;2;1
T045;2111;04427-023;5;62;3;0;1;5;1;1;3;-;2;1;2;7;1989;5;2;2
T157;1688;04891-395;6;52;1;1;1;2;4;6;3;-;6;2;1;5;1980;4;1;1
T068;4939;04417-182;1;51;6;0;2;-;6;4;2;-;1;2;1;12;1979;5;2;2
T009;2975;04429-265;6;62;2;3;2;-;5;4;1;1;2;2;1;1;1973;1;1;3
T017;5180;04429-225;6;15;4;2;1;1;3;7;2;-;6;2;2;1;1976;2;2;2
T196;1257;04430-115;1;63;5;0;1;3;5;1;3;-;12;2;1;2;1991;3;1;3
T068;1371;04430-135;1;64;4;1;1;5;5;6;1;3;12;1;1;9;1953;3;2;2
T060;3853;04430-345;6;64;4;4;1;6;10;5;3;-;1;1;1;5;1955;2;1;3
T027;197;04430-355;5;13;3;1;1;2;4;6;2;-;12;2;2;12;1993;2;2;2
T183;2374;04430-385;6;65;6;2;2;-;1;7;3;-;3;2;2;2;1992;3;2;1
T101;567;04430-164;5;61;1;0;1;2;1;4;2;-;12;1;2;2;1985;1;2;3
T146;5136;04430-112;1;65;5;0;2;-;1;7;1;3;6;1;2;11;1961;2;2;2
T131;2401;04430-132;1;64;4;1;2;-;3;4;3;-;10;2;2;8;1962;3;2;3
T200;3555;04430-155;5;63;3;4;1;1;2;5;1;2;4;2;1;7;1997;5;2;2
T157;3634;04430-097;6;51;2;4;2;-;9;1;2;-;6;1;2;8;1986;3;2;3
T102;4601;03755-055;1;62;5;1;2;-;7;3;2;-;4;2;2;1;1995;3;2;1
T130;4890;02994-071;5;61;1;4;1;1;6;6;1;2;6;2;1;1;1953;1;1;2
T188;1392;04384-032;5;61;3;3;2;-;6;1;3;-;12;2;1;10;1954;1;1;3
T001;3657;04379-074;5;12;6;1;1;1;2;2;3;-;3;1;2;11;1972;3;2;1
T042;2042;04379-072;1;51;3;2;1;6;8;4;3;-;4;2;1;10;1990;1;1;1
T192;3718;04377-038;5;63;5;2;1;4;5;5;2;-;6;1;1;9;1995;2;2;2
T058;1123;04377-036;5;13;2;3;2;-;8;4;1;3;12;2;1;12;1954;3;1;2
T013;4401;04368-006;5;63;6;3;2;-;2;3;2;-;6;2;2;3;1954;2;1;1
T056;2125;04368-003;5;11;3;1;1;6;1;3;3;-;2;1;2;2;1969;1;2;2
T193;5441;04379-028;1;64;5;1;1;2;1;2;2;-;2;2;2;8;1959;3;2;1
T191;655;04379-026;6;12;2;2;1;3;9;1;1;3;2;1;2;6;1997;4;2;1
T198;349;04379-024;1;61;5;4;2;-;9;2;2;-;10;1;1;4;1952;1;2;1
T016;2163;04379-022;1;64;2;0;1;1;1;4;3;-;4;1;1;3;1996;5;1;1
T079;3365;04963-320;6;14;4;4;2;-;1;1;1;1;1;1;1;8;1955;4;1;3
T040;3146;04414-005;1;61;6;0;1;5;8;3;3;-;6;1;1;2;1982;3;2;3
T059;3264;08440-042;1;15;3;4;2;-;4;7;2;-;6;2;1;8;1967;1;2;2
T121;1455;04194-355;5;13;5;4;1;5;4;6;1;1;3;1;1;1;1966;3;1;1
T090;4562;02994-061;1;12;2;3;1;4;7;7;2;-;6;1;2;3;1957;2;2;3
T059;3619;02994-052;6;15;4;4;1;5;2;7;2;-;2;1;2;4;1994;2;1;2
T033;702;04434-224;6;11;2;1;1;2;2;5;2;-;1;2;1;10;1964;1;1;1
T119;2065;04411-075;6;63;3;3;1;4;9;3;2;-;4;1;1;10;1981;5;2;2
T020;621;04408-005;5;15;1;0;2;-;7;5;3;-;3;1;2;11;1978;2;1;3
T038;1575;04409-025;5;63;6;1;2;-;3;3;2;-;12;1;1;10;1972;4;1;3
T147;3696;04409-022;5;12;3;4;2;-;8;1;1;1;6;2;1;8;1962;4;2;1
T042;2784;04408-085;6;51;1;2;2;-;10;3;2;-;3;1;1;6;1973;4;2;2
T039;3831;04411-033;1;53;3;2;1;4;7;4;2;-;3;2;2;2;1966;5;1;3
T060;2943;04416-202;1;51;1;4;2;-;3;5;1;2;4;1;1;8;1960;1;2;1
T005;4044;04416-235;1;65;2;3;2;-;3;1;2;-;2;1;1;2;1980;2;2;2
T006;1437;04430-095;6;15;6;2;2;-;5;2;1;2;3;1;1;2;1975;3;2;2
T007;2742;04963-315;1;13;6;2;2;-;6;5;1;1;12;1;1;6;1985;4;2;1
T045;1254;02987-108;5;64;3;1;1;3;1;4;3;-;2;1;1;6;1983;1;1;1
T051;738;04430-065;5;65;1;0;2;-;9;4;1;2;6;1;2;1;1973;5;2;2
T180;1030;05570-775;6;11;1;0;2;-;9;2;2;-;1;2;1;9;1971;4;2;1
T055;1487;05570-770;6;52;5;3;2;-;10;1;3;-;6;2;2;3;1962;1;1;3
T175;1396;05570-760;6;63;3;0;2;-;4;3;3;-;2;2;1;1;1979;5;2;3
T075;4315;05570-756;6;61;6;4;1;1;5;6;1;2;12;1;1;11;1987;1;2;3
T108;2556;05570-755;1;14;1;2;1;1;2;6;2;-;2;2;1;10;1967;3;1;3
T084;1746;05570-700;5;11;1;2;1;1;8;7;2;-;10;2;1;7;1970;3;1;2
T037;3972;03977-007;1;52;4;1;2;-;5;4;3;-;6;1;1;1;1983;3;2;2
T026;843;02987-173;6;61;6;0;1;1;7;3;2;-;1;1;2;7;1990;5;1;3
T033;2242;02987-172;5;64;5;1;1;5;7;3;2;-;3;1;2;10;1993;5;2;2
T023;1049;02987-102;1;11;6;0;2;-;8;1;3;-;10;1;1;10;1969;1;1;3
T025;2722;05850-252;6;65;1;1;2;-;3;3;2;-;3;1;2;11;1960;4;2;3
T030;1011;05570-777;1;13;1;2;2;-;5;1;3;-;3;2;2;11;1995;2;1;1
T184;4877;02987-109;1;11;5;3;1;3;8;5;2;-;1;1;2;5;1982;2;1;3
T110;793;05570-780;1;12;1;1;1;6;10;5;2;-;10;2;1;6;1960;1;2;2
T148;3393;02987-107;5;61;4;2;1;5;7;4;1;1;4;1;2;10;1989;1;1;1
T180;3203;02987-106;1;53;1;0;2;-;10;6;3;-;2;1;1;2;1961;2;1;3
T068;1739;02987-105;5;12;6;3;1;5;2;6;3;-;3;2;2;8;1985;2;2;3
T066;4279;02987-104;1;65;6;4;1;3;10;7;2;-;12;1;1;9;1964;3;2;3
T087;2893;02987-103;1;65;1;4;2;-;3;6;1;2;4;1;2;4;1958;4;2;3
T025;2969;02981-031;6;51;1;1;1;3;7;4;1;2;4;1;2;12;1983;3;1;1
T028;3388;02987-101;6;12;3;4;2;-;1;1;3;-;4;1;2;12;1950;2;1;3
T183;2403;04413-025;1;63;6;0;2;-;5;6;1;2;10;2;2;11;1969;3;1;2
T146;2725;04413-065;1;61;5;1;1;3;6;7;1;1;3;1;2;11;1985;1;1;2
T133;1639;04414-035;6;12;6;0;1;2;6;6;2;-;12;2;1;11;1963;3;1;1
T022;1378;04413-055;5;15;2;2;2;-;5;5;3;-;6;2;1;4;1976;2;1;2
T012;1649;04425-095;5;14;3;4;2;-;1;6;2;-;2;1;2;11;1996;5;2;2
T087;5476;04930-315;6;12;5;4;1;3;1;6;2;-;1;2;1;9;1986;5;2;3
T059;5399;04913-095;5;64;4;0;1;3;7;2;3;-;2;2;2;12;1951;2;1;3
T155;4812;02991-141;6;11;1;4;2;-;9;7;1;1;6;2;2;9;1950;2;2;3
T110;803;04430-092;5;15;4;0;2;-;10;3;3;-;6;2;2;4;1956;3;2;1
T164;2869;04432-117;1;13;5;1;1;5;5;5;1;2;10;1;2;11;1991;2;1;1
T049;1066;04432-027;5;53;4;4;2;-;1;7;2;-;2;1;2;5;1974;1;1;3
T189;1237;04432-115;6;13;3;1;2;-;3;3;1;2;6;2;2;12;1966;2;1;1
T063;473;04432-025;5;12;1;0;1;2;8;4;2;-;3;2;2;5;1955;3;1;2
T117;3330;02987-061;6;63;2;1;1;3;3;6;2;-;10;2;1;3;1970;2;1;1
T045;3842;02987-091;5;64;3;4;2;-;1;5;3;-;2;2;1;3;1986;4;2;3
T048;3512;04405-185;5;64;5;1;1;6;7;3;3;-;10;2;2;6;1955;3;2;2
T071;1253;04403-205;6;65;3;3;2;-;1;6;3;-;3;2;2;10;1985;4;1;1
T190;2971;04428-115;1;14;3;3;1;5;7;3;1;3;4;1;1;11;1976;1;2;3
T140;1367;04427-005;5;15;1;0;1;5;10;5;3;-;6;2;2;9;1951;5;1;2
T123;2970;05570-776;1;64;2;3;1;1;3;3;2;-;3;1;1;2;1965;4;1;1
T161;1911;04913-005;5;52;1;0;2;-;1;2;2;-;2;2;2;11;1955;5;1;2
T037;3620;04430-235;5;62;6;3;2;-;7;5;2;-;3;1;1;9;1975;5;1;1
T027;2889;04914-005;1;13;2;3;2;-;5;5;2;-;2;1;1;12;1951;2;1;1
T062;3520;04915-075;1;12;3;0;1;6;2;1;1;3;1;1;2;7;2000;2;1;1
T007;2354;04915-062;5;52;5;2;1;2;6;5;1;3;4;2;2;12;1985;2;1;3
T071;515;04915-025;6;13;5;0;2;-;8;1;2;-;2;2;1;12;1985;4;2;2
T030;2356;04915-055;6;63;5;3;1;4;3;1;3;-;2;1;1;2;1965;2;2;1
T014;2074;04915-085;5;15;5;1;2;-;3;7;3;-;4;1;1;7;1983;5;1;3
T141;1988;04915-035;5;14;3;2;2;-;5;6;3;-;6;1;1;12;1992;3;1;3
T030;4882;04915-023;1;12;4;2;1;6;2;3;3;-;1;1;2;8;1993;3;1;1
T049;992;04915-045;5;51;5;0;1;4;2;5;1;1;3;1;1;11;1955;5;1;1
T170;1240;04915-021;5;62;6;4;2;-;7;1;1;1;10;2;1;4;1995;3;1;1
T041;1676;04434-226;1;12;6;4;2;-;6;2;3;-;1;2;2;1;1954;4;1;1
T174;2936;04432-022;5;51;6;1;1;6;10;1;1;2;12;1;1;12;1977;5;1;1
T103;769;04428-075;5;61;4;3;1;1;3;2;1;3;1;2;1;4;1966;4;1;3
T165;1720;08372-300;1;63;6;1;1;1;2;3;2;-;12;1;1;3;1967;5;1;3
T120;3873;02934-401;5;53;6;0;2;-;6;5;1;2;1;1;2;10;1990;5;2;1
T051;1003;02934-400;1;12;5;2;1;4;9;5;1;3;10;2;1;4;1999;4;2;3
T179;3329;02934-001;1;64;1;2;1;6;3;5;2;-;10;2;1;4;1963;2;2;1
T064;1991;02957-025;1;65;1;1;1;6;9;1;3;-;4;1;1;11;1965;1;1;1
T036;4037;02950-010;5;11;3;2;2;-;10;6;2;-;3;1;2;4;1958;1;1;3
T036;3180;08190-395;5;12;5;0;1;1;9;7;3;-;2;2;2;12;1990;5;2;1
T105;2473;04905-100;1;15;6;1;1;4;2;7;1;1;4;2;2;11;1966;4;2;3
T015;1604;08372-306;1;11;1;3;2;-;9;5;3;-;1;2;1;11;1957;4;1;2
T095;648;08372-302;1;62;5;4;1;4;7;4;1;1;1;1;2;7;1974;4;2;3
T159;4254;08372-308;6;64;6;0;1;2;2;1;3;-;12;1;2;10;1965;3;1;3
T132;2654;04881-030;1;65;1;4;2;-;4;1;2;-;10;1;1;6;1977;2;1;3
T037;1848;05869-255;5;64;3;2;1;5;2;3;2;-;1;1;1;8;1970;1;1;2
T006;2717;08473-720;5;64;3;3;1;3;8;1;1;3;2;2;1;4;1960;2;2;3
T037;1224;05265-125;5;64;2;4;2;-;3;1;2;-;2;2;1;1;1965;3;2;3
T121;3409;02934-201;6;14;4;0;1;3;10;2;2;-;10;1;1;6;1958;4;2;2
T084;1702;02934-200;5;65;1;1;2;-;9;4;3;-;6;1;2;9;1986;1;2;2
T016;1687;02934-000;5;15;4;2;2;-;6;7;2;-;10;2;1;3;1980;1;2;1
T196;340;08190-405;5;14;4;2;1;1;6;3;3;-;4;1;1;3;1969;5;1;2
T032;1701;08372-304;5;65;4;0;1;5;3;5;1;2;12;2;1;10;1984;5;2;2
T037;956;02924-600;1;15;4;3;1;2;7;2;1;1;1;2;2;7;1998;3;1;3
T197;4663;04893-185;6;52;1;3;2;-;4;6;1;2;10;1;1;11;1954;3;2;3
T029;4112;08280-210;6;63;4;0;2;-;9;3;2;-;10;2;2;12;1986;2;2;1
T174;1198;08280-107;6;11;5;0;1;5;5;7;3;-;10;1;1;2;1979;5;2;3
T107;3460;03124-020;6;64;6;1;1;1;9;5;3;-;4;2;1;3;1982;1;2;3
T083;4172;02924-401;6;62;1;2;2;-;3;4;3;-;10;1;2;1;1956;3;2;1
T042;644;02997-003;5;15;3;3;1;1;2;4;1;3;2;2;1;12;1953;2;2;2
T146;4839;02924-000;6;64;4;4;2;-;7;2;2;-;4;2;1;6;1957;1;2;1
T066;901;02924-001;1;12;6;4;1;6;6;5;3;-;6;1;2;6;1974;3;1;3
T045;3403;02924-200;5;11;6;2;2;-;6;6;2;-;1;1;1;10;1958;5;1;1
T167;2625;02924-201;1;62;5;1;2;-;2;5;3;-;2;2;2;1;2000;4;1;2
T016;1013;02924-601;1;65;1;1;2;-;5;7;3;-;12;1;2;5;1987;4;2;2
T042;2671;03124-021;5;15;4;0;2;-;3;5;2;-;10;1;1;1;1993;3;2;2
T132;4981;03983-025;5;63;5;2;1;6;4;2;1;3;10;1;2;7;1992;5;2;1
T181;1443;02924-400;5;63;6;4;2;-;4;5;2;-;2;2;2;2;2000;2;2;1
T168;1250;04717-905;1;63;1;4;1;6;6;2;3;-;10;1;1;11;1992;3;2;1
T089;2838;04533-912;1;62;1;3;2;-;7;6;2;-;6;1;2;4;1958;3;2;2
T173;912;02079-900;6;61;5;1;2;-;1;2;1;1;3;1;1;1;1956;1;1;2
T065;950;03102-902;1;11;6;1;2;-;3;1;3;-;3;1;1;3;1950;1;1;3
T160;909;01045-903;6;64;2;3;2;-;3;6;1;3;4;1;1;4;1960;4;2;1
T137;5344;01032-902;6;12;5;4;1;3;10;2;3;-;12;1;2;9;1969;3;1;3
T122;2804;01046-905;6;63;3;2;2;-;10;2;3;-;1;2;2;11;1965;3;2;3
T073;2186;05650-905;5;11;2;0;1;6;8;1;1;2;10;2;2;8;1996;3;1;3
T059;1793;01501-908;6;64;6;3;1;6;6;4;2;-;12;1;2;6;1988;3;2;3
T012;2566;05345-903;6;51;6;1;2;-;10;4;3;-;3;2;1;9;1975;5;2;1
T023;4715;01218-900;6;61;3;2;2;-;6;7;2;-;4;2;2;7;1993;5;1;1
T184;2653;04045-901;6;61;6;2;2;-;9;3;2;-;4;1;2;8;1950;2;1;3
T138;3450;04258-900;1;53;3;4;1;4;9;4;3;-;6;1;1;1;1993;4;2;2
T055;5107;04104-903;6;63;1;1;1;1;9;3;3;-;12;1;1;12;1967;5;1;2
T099;828;03827-902;1;64;1;4;2;-;4;7;1;2;1;1;2;6;1951;5;1;3
T106;1870;02001-900;6;64;4;4;2;-;5;4;1;2;1;1;1;5;1955;3;1;2
T172;2221;02022-901;5;13;6;0;1;5;10;1;1;2;4;1;1;2;1981;5;2;1
T141;1753;05396-901;5;13;3;2;2;-;4;2;3;-;10;2;2;3;1958;3;1;1
T119;3835;05001-900;1;64;3;2;2;-;9;4;2;-;1;2;2;10;1957;2;1;2
T080;601;02611-900;5;53;2;1;2;-;1;3;3;-;12;2;1;8;1987;3;1;3
T197;1345;04028-900;1;65;6;3;1;5;8;3;3;-;3;2;1;3;1992;1;1;3
T062;4823;04043-900;1;62;3;2;1;2;10;4;1;3;10;2;1;1;1963;3;1;3
T072;423;05065-903;5;11;1;1;1;1;1;6;2;-;12;2;2;7;1996;2;1;3
T067;3414;02088-900;5;15;5;2;2;-;2;7;2;-;1;2;1;12;1971;4;1;2
T104;850;05350-901;6;64;1;0;2;-;2;1;1;1;10;2;1;12;1950;2;1;3
T137;3217;01411-902;6;15;3;3;2;-;2;5;2;-;6;2;1;1;1956;5;2;3
T150;1201;03031-902;1;61;6;4;1;6;2;1;3;-;2;1;2;4;1950;3;1;2
T148;2773;05112-901;1;11;2;2;1;2;3;5;3;-;10;1;1;1;1990;4;2;2
T034;1317;01017-906;5;51;1;2;2;-;2;7;1;1;2;2;2;9;1951;2;1;2
T125;3743;05686-903;6;13;3;2;1;3;4;7;1;2;6;2;2;11;1970;1;1;1
T013;143;03168-900;5;63;2;2;2;-;8;2;2;-;6;2;1;4;1984;3;1;1
T005;1175;01254-902;6;13;1;3;1;4;10;2;3;-;2;2;2;2;1980;3;1;1
T151;3764;05401-912;5;11;5;3;2;-;10;5;2;-;4;1;1;8;1978;2;1;2
T030;4746;04795-915;1;11;6;1;1;6;8;4;1;3;4;1;1;12;1952;2;1;1
T141;656;04726-901;5;11;1;0;2;-;6;1;2;-;6;1;1;5;1955;5;1;1
T119;1014;02063-903;6;61;1;0;2;-;1;6;2;-;1;2;2;1;1977;3;2;2
T145;4061;04101-903;5;53;3;4;1;3;6;3;2;-;1;1;2;12;1966;1;2;3
T148;1462;03122-902;5;12;6;4;1;6;5;6;1;3;10;1;2;6;1998;3;2;3
T190;596;04583-916;6;51;1;0;1;2;5;3;2;-;12;2;2;9;1961;1;2;3
T148;837;01333-909;5;52;3;1;1;2;6;3;3;-;6;2;2;9;1955;4;1;2
T176;1987;02515-900;6;52;5;2;2;-;3;3;2;-;3;2;1;7;1963;3;2;2
T200;790;05113-901;6;11;5;3;1;3;4;3;2;-;6;1;2;4;1978;4;2;1
T100;1562;05157-900;6;12;6;1;1;1;9;2;1;2;12;2;2;10;1952;5;1;2
T174;1585;02598-900;5;12;5;4;2;-;8;3;1;3;12;1;2;11;1959;5;1;3
T187;1601;02710-900;5;64;4;4;1;4;5;1;3;-;6;1;1;12;1986;3;2;3
T112;2044;04553-903;1;12;5;4;1;5;9;6;3;-;10;1;2;5;1969;4;2;2
T131;2687;05345-904;5;64;1;1;1;6;5;4;1;2;4;1;2;11;1974;1;2;1
T175;3395;01141-900;6;61;2;2;1;6;5;7;2;-;4;2;1;2;1968;3;1;1
T064;5252;04122-900;1;52;3;2;1;3;6;5;3;-;6;1;2;3;1953;5;1;2
T060;3048;02177-900;5;14;4;3;1;2;7;2;3;-;12;1;1;1;1988;1;2;1
T001;4325;03190-901;1;12;6;3;1;1;2;1;3;-;1;1;1;5;1962;4;1;1
